0.000000e+00 	0.000000e+00 	0.000000e+00 	0.000000e+00 	0.000000e+00 	0.000000e+00 	0.000000e+00 	0.000000e+00 	0.000000e+00 	0.000000e+00 	0.000000e+00 	
0.000000e+00 	1.497224e-08 	5.159818e-07 	3.274473e-06 	9.258644e-06 	1.430208e-05 	1.299528e-05 	8.578341e-06 	4.694405e-06 	2.094656e-06 	0.000000e+00 	
0.000000e+00 	3.668293e-07 	3.388872e-06 	1.380243e-05 	3.343894e-05 	4.843517e-05 	3.961140e-05 	2.364498e-05 	1.208749e-05 	5.119819e-06 	0.000000e+00 	
0.000000e+00 	1.639874e-06 	9.399907e-06 	3.188291e-05 	7.919237e-05 	1.113632e-04 	7.923604e-05 	4.132759e-05 	1.925801e-05 	7.682246e-06 	0.000000e+00 	
0.000000e+00 	2.797212e-06 	1.232159e-05 	3.784232e-05 	9.191542e-05 	1.120868e-04 	7.476339e-05 	3.823773e-05 	1.765223e-05 	6.983199e-06 	0.000000e+00 	
0.000000e+00 	1.670385e-06 	4.759332e-06 	8.221826e-06 	4.934656e-06 	-8.892869e-06 	-1.732670e-06 	4.155002e-06 	4.106544e-06 	2.196967e-06 	0.000000e+00 	
0.000000e+00 	-7.079431e-07 	-5.755271e-06 	-2.541399e-05 	-7.571205e-05 	-9.918667e-05 	-6.260153e-05 	-2.747626e-05 	-1.016000e-05 	-3.235165e-06 	0.000000e+00 	
0.000000e+00 	-1.860997e-06 	-9.045222e-06 	-2.946283e-05 	-6.876600e-05 	-8.614731e-05 	-6.256859e-05 	-3.359314e-05 	-1.533411e-05 	-5.833409e-06 	0.000000e+00 	
0.000000e+00 	-1.694174e-06 	-7.083832e-06 	-1.960759e-05 	-3.913439e-05 	-4.895499e-05 	-3.988708e-05 	-2.472350e-05 	-1.287180e-05 	-5.380390e-06 	0.000000e+00 	
0.000000e+00 	-1.011556e-06 	-3.804091e-06 	-9.444661e-06 	-1.706920e-05 	-2.118652e-05 	-1.848032e-05 	-1.253151e-05 	-7.081365e-06 	-3.130782e-06 	0.000000e+00 	
0.000000e+00 	0.000000e+00 	0.000000e+00 	0.000000e+00 	0.000000e+00 	0.000000e+00 	0.000000e+00 	0.000000e+00 	0.000000e+00 	0.000000e+00 	0.000000e+00 	
